,time,id,class,centerx,centery,diff_x,diff_y
68,38,7,bus,844.5,568.5,,
71,39,7,bus,846.5,568.0,2.0,-0.5
74,40,7,bus,847.0,568.5,0.5,0.5
77,41,7,bus,848.0,568.0,1.0,-0.5
80,42,7,bus,849.5,567.0,1.5,-1.0
82,43,7,bus,851.0,566.5,1.5,-0.5
84,44,7,bus,852.0,566.0,1.0,-0.5
87,45,7,bus,852.5,566.0,0.5,0.0
90,46,7,bus,855.0,565.5,2.5,-0.5
93,47,7,bus,856.0,565.5,1.0,0.0
96,48,7,bus,858.5,564.0,2.5,-1.5
99,49,7,bus,859.5,564.0,1.0,0.0
101,50,7,bus,859.5,564.0,0.0,0.0
103,51,7,bus,861.0,564.0,1.5,0.0
