,time,id,class,centerx,centery,diff_x,diff_y
0,3,1,bus,451.5,655.0,,
2,4,1,bus,419.0,660.5,-32.5,5.5
4,5,1,bus,381.5,672.5,-37.5,12.0
6,6,1,bus,338.5,683.5,-43.0,11.0
8,7,1,bus,312.5,695.0,-26.0,11.5
10,8,1,bus,297.5,712.5,-15.0,17.5
12,9,1,bus,285.5,724.5,-12.0,12.0
14,10,1,bus,275.0,729.5,-10.5,5.0
16,11,1,bus,262.0,725.5,-13.0,-4.0
18,12,1,bus,249.0,715.0,-13.0,-10.5
20,13,1,bus,233.5,714.0,-15.5,-1.0
22,14,1,bus,212.0,719.5,-21.5,5.5
