,time,id,class,centerx,centery,diff_x,diff_y
0,3,1,bus,446.0,655.0,,
2,4,1,bus,415.5,659.0,-30.5,4.0
4,5,1,bus,380.5,672.5,-35.0,13.5
6,6,1,bus,340.0,683.0,-40.5,10.5
8,7,1,bus,312.5,694.0,-27.5,11.0
10,8,1,bus,297.0,711.5,-15.5,17.5
12,9,1,bus,286.0,725.0,-11.0,13.5
14,10,1,bus,276.5,729.5,-9.5,4.5
16,11,1,bus,254.0,738.5,-22.5,9.0
