,time,id,class,centerx,centery,diff_x,diff_y
0,3,1,bus,452.0,655.5,,
2,4,1,bus,419.5,660.0,-32.5,4.5
4,5,1,bus,381.5,672.0,-38.0,12.0
6,6,1,bus,338.0,684.0,-43.5,12.0
8,7,1,bus,311.5,694.5,-26.5,10.5
10,8,1,bus,297.5,712.0,-14.0,17.5
12,9,1,bus,285.5,724.0,-12.0,12.0
14,10,1,bus,273.0,733.0,-12.5,9.0
16,11,1,bus,262.5,722.5,-10.5,-10.5
18,12,1,bus,249.5,715.5,-13.0,-7.0
20,13,1,bus,233.0,713.0,-16.5,-2.5
22,14,1,bus,212.0,718.0,-21.0,5.0
