,time,id,class,centerx,centery,diff_x,diff_y
187,89,8,car,1828.0,935.5,,
190,90,8,car,1818.0,903.5,-10.0,-32.0
193,91,8,car,1807.0,889.5,-11.0,-14.0
196,92,8,car,1799.0,891.0,-8.0,1.5
198,93,8,car,1790.5,887.0,-8.5,-4.0
200,94,8,car,1781.5,889.5,-9.0,2.5
202,95,8,car,1775.0,884.5,-6.5,-5.0
205,96,8,car,1767.5,877.0,-7.5,-7.5
208,97,8,car,1761.5,870.0,-6.0,-7.0
210,98,8,car,1754.0,871.0,-7.5,1.0
212,99,8,car,1747.0,868.5,-7.0,-2.5
214,100,8,car,1740.5,868.5,-6.5,0.0
