,time,id,class,centerx,centery,diff_x,diff_y
43,20,8,car,1816.5,763.0,,
46,21,8,car,1801.0,749.0,-15.5,-14.0
50,22,8,car,1786.0,739.0,-15.0,-10.0
54,23,8,car,1774.5,725.5,-11.5,-13.5
57,24,8,car,1761.0,711.0,-13.5,-14.5
61,25,8,car,1750.5,696.5,-10.5,-14.5
65,26,8,car,1730.0,688.0,-20.5,-8.5
69,27,8,car,1704.0,680.0,-26.0,-8.0
74,28,8,car,1675.5,669.5,-28.5,-10.5
79,29,8,car,1656.5,660.0,-19.0,-9.5
